MN908947.3	hCoV-19/Bhutan/RCDC0018-SV200574/2020|EPI_ISL_16984363|2020-05-13	99.960	29849	12	0	13	29861	1	29849	0.0	55055
MN908947.3	hCoV-19/Bhutan/RCDC0011-SV200567/2020|EPI_ISL_16984345|2020-07-26	99.913	29865	26	0	39	29903	1	29865	0.0	55022
MN908947.3	hCoV-19/Bhutan/RCDC0026-SV200582/2020|EPI_ISL_16984385|2020-08-24	99.896	29870	31	0	34	29903	1	29870	0.0	55012
MN908947.3	hCoV-19/Bhutan/RCDC0020-SV200576/2020|EPI_ISL_16984368|2020-09-06	99.900	29865	30	0	39	29903	1	29865	0.0	55012
MN908947.3	hCoV-19/Bhutan/RCDC0019-SV210035/2021|EPI_ISL_16984366|2021-01-04	99.893	29865	32	0	39	29903	1	29865	0.0	55001
MN908947.3	hCoV-19/Bhutan/RCDC0028-SV200584/2020|EPI_ISL_16984389|2020-10-04	99.953	29825	14	0	39	29863	1	29825	0.0	54999
MN908947.3	hCoV-19/Bhutan/RCDC0009-SV200565/2020|EPI_ISL_16984340|2020-08-25	99.953	29824	14	0	37	29860	1	29824	0.0	54998
MN908947.3	hCoV-19/Bhutan/RCDC0024-SV200580/2020|EPI_ISL_16984380|2020-07-19	99.956	29820	13	0	37	29856	1	29820	0.0	54996
MN908947.3	hCoV-19/Bhutan/RCDC0025-SV200581/2020|EPI_ISL_16984382|2020-08-24	99.956	29818	13	0	37	29854	1	29818	0.0	54992
MN908947.3	hCoV-19/Bhutan/RCDC0029-SV200585/2020|EPI_ISL_16984391|2020-10-20	99.883	29868	35	0	36	29903	1	29868	0.0	54988
MN908947.3	hCoV-19/Bhutan/RCDC0030-SV200586/2020|EPI_ISL_16984393|2020-10-29	99.950	29819	15	0	36	29854	1	29819	0.0	54983
MN908947.3	hCoV-19/Bhutan/RCDC0001-SV200557/2020|EPI_ISL_16984318|2020-08-09	99.940	29827	18	0	36	29862	1	29827	0.0	54981
MN908947.3	hCoV-19/Bhutan/RCDC0007-SV210023/2020|EPI_ISL_16984335|2020-12-22	99.946	29820	16	0	39	29858	1	29820	0.0	54979
MN908947.3	hCoV-19/Bhutan/RCDC0005-SV200561/2020|EPI_ISL_16984328|2020-08-11	99.946	29817	16	0	38	29854	1	29817	0.0	54974
MN908947.3	hCoV-19/Bhutan/RCDC0013-SV210029/2020|EPI_ISL_16984351|2020-12-29	99.943	29818	17	0	39	29856	1	29818	0.0	54970
MN908947.3	hCoV-19/Bhutan/RCDC0025-SV210041/2021|EPI_ISL_16984383|2021-01-06	99.940	29820	18	0	37	29856	1	29820	0.0	54968
MN908947.3	hCoV-19/Bhutan/RCDC0006-SV200562/2020|EPI_ISL_16984331|2020-08-15	99.940	29820	18	0	36	29855	1	29820	0.0	54968
MN908947.3	hCoV-19/Bhutan/RCDC0023-SV210039/2021|EPI_ISL_16984378|2021-01-05	99.946	29813	16	0	39	29851	1	29813	0.0	54966
MN908947.3	hCoV-19/Bhutan/RCDC0027-SV200583/2020|EPI_ISL_16984387|2020-08-24	99.940	29818	18	0	36	29853	1	29818	0.0	54964
MN908947.3	hCoV-19/Bhutan/RCDC0017-SV210033/2021|EPI_ISL_16984361|2021-01-02	99.943	29815	17	0	39	29853	1	29815	0.0	54964
MN908947.3	hCoV-19/Bhutan/RCDC0022-SV200578/2020|EPI_ISL_16984374|2020-06-19	99.943	29814	17	0	36	29849	1	29814	0.0	54962
MN908947.3	hCoV-19/Bhutan/RCDC0008-SV200564/2020|EPI_ISL_16984337|2020-08-24	99.943	29814	17	0	38	29851	1	29814	0.0	54962
MN908947.3	hCoV-19/Bhutan/RCDC0023-SV200579/2020|EPI_ISL_16984377|2020-06-22	99.940	29816	18	0	36	29851	1	29816	0.0	54961
MN908947.3	hCoV-19/Bhutan/RCDC0021-SV200577/2020|EPI_ISL_16984371|2020-08-18	99.936	29818	19	0	37	29854	1	29818	0.0	54961
MN908947.3	hCoV-19/Bhutan/RCDC0016-SV200572/2020|EPI_ISL_16984358|2020-08-17	99.936	29819	19	0	39	29857	1	29819	0.0	54961
MN908947.3	hCoV-19/Bhutan/RCDC0007-SV200563/2020|EPI_ISL_16984334|2020-08-24	99.940	29816	18	0	36	29851	1	29816	0.0	54961
MN908947.3	hCoV-19/Bhutan/RCDC0003-SV200559/2020|EPI_ISL_16984323|2020-08-11	99.936	29819	19	0	37	29855	1	29819	0.0	54961
MN908947.3	hCoV-19/Bhutan/RCDC0012-SV210028/2020|EPI_ISL_16984349|2020-12-29	99.946	29807	16	0	36	29842	1	29807	0.0	54957
MN908947.3	hCoV-19/Bhutan/RCDC0006-SV210022/2020|EPI_ISL_16984332|2020-12-22	99.950	29805	15	0	39	29843	1	29805	0.0	54957
MN908947.3	hCoV-19/Bhutan/RCDC0014-SV200570/2020|EPI_ISL_16984353|2020-08-21	99.936	29815	19	0	39	29853	1	29815	0.0	54955
MN908947.3	hCoV-19/Bhutan/RCDC0012-SV200568/2020|EPI_ISL_16984348|2020-07-25	99.940	29813	18	0	39	29851	1	29813	0.0	54955
MN908947.3	hCoV-19/Bhutan/RCDC0009-SV210025/2020|EPI_ISL_16984341|2020-12-23	99.950	29803	15	0	39	29841	1	29803	0.0	54953
MN908947.3	hCoV-19/Bhutan/RCDC0014-SV210030/2020|EPI_ISL_16984354|2020-12-30	99.943	29807	17	0	37	29843	1	29807	0.0	54950
MN908947.3	hCoV-19/Bhutan/RCDC0003-SV210019/2020|EPI_ISL_16984324|2020-12-21	99.946	29803	16	0	39	29841	1	29803	0.0	54948
MN908947.3	hCoV-19/Bhutan/RCDC0008-SV210024/2020|EPI_ISL_16984338|2020-12-21	99.946	29798	16	0	39	29836	1	29798	0.0	54938
MN908947.3	hCoV-19/Bhutan/RCDC0022-SV210038/2021|EPI_ISL_16984375|2021-01-05	99.940	29798	18	0	39	29836	1	29798	0.0	54927
MN908947.3	hCoV-19/Bhutan/RCDC0016-SV210032/2021|EPI_ISL_16984359|2021-01-01	99.943	29793	17	0	39	29831	1	29793	0.0	54924
MN908947.3	hCoV-19/Bhutan/RCDC0051-SV200607/2020|EPI_ISL_16984395|2020-08-27	99.940	29793	18	0	39	29831	1	29793	0.0	54920
MN908947.3	hCoV-19/Bhutan/RCDC0020-SV210036/2021|EPI_ISL_16984369|2021-01-04	99.916	29815	25	0	39	29853	1	29815	0.0	54920
MN908947.3	hCoV-19/Bhutan/RCDC0024-SV210162/2021|EPI_ISL_16984381|2021-04-30	99.833	29875	37	3	5	29879	1	29862	0.0	54879
MN908947.3	hCoV-19/Bhutan/RCDC0015-SV210031/2020|EPI_ISL_16984356|2020-12-31	99.940	29766	18	0	39	29804	1	29766	0.0	54868
MN908947.3	hCoV-19/Bhutan/RCDC0019-SV210157/2021|EPI_ISL_16984367|2021-04-19	99.836	29862	36	3	12	29873	1	29849	0.0	54861
MN908947.3	hCoV-19/Bhutan/RCDC0026-SV210164/2021|EPI_ISL_16984386|2021-05-01	99.839	29856	35	3	6	29861	1	29843	0.0	54855
MN908947.3	hCoV-19/Bhutan/RCDC0009-SV210147/2021|EPI_ISL_16984342|2021-04-20	99.839	29854	35	3	5	29858	1	29841	0.0	54852
MN908947.3	hCoV-19/Bhutan/RCDC0008-SV210146/2021|EPI_ISL_16984339|2021-05-06	99.846	29840	33	3	22	29861	1	29827	0.0	54837
MN908947.3	hCoV-19/Bhutan/RCDC0012-SV210150/2021|EPI_ISL_16984350|2021-04-16	99.836	29846	36	3	18	29863	1	29833	0.0	54831
MN908947.3	hCoV-19/Bhutan/RCDC0013-SV210151/2021|EPI_ISL_16984352|2021-04-24	99.796	29867	48	3	37	29903	1	29854	0.0	54826
MN908947.3	hCoV-19/Bhutan/RCDC0027-SV210165/2021|EPI_ISL_16984388|2021-04-30	99.852	29827	31	3	31	29857	1	29814	0.0	54824
MN908947.3	hCoV-19/Bhutan/RCDC0010-SV210026/2020|EPI_ISL_16984343|2020-12-29	99.943	29739	17	0	36	29774	1	29739	0.0	54824
MN908947.3	hCoV-19/Bhutan/RCDC0010-SV210148/2021|EPI_ISL_16984344|2021-04-26	99.852	29826	31	3	39	29864	1	29813	0.0	54822
MN908947.3	hCoV-19/Bhutan/RCDC0021-SV210037/2021|EPI_ISL_16984372|2021-01-04	99.943	29735	17	0	37	29771	1	29735	0.0	54817
MN908947.3	hCoV-19/Bhutan/RCDC0005-SV210021/2020|EPI_ISL_16984329|2020-12-22	99.950	29726	15	0	39	29764	1	29726	0.0	54811
MN908947.3	hCoV-19/Bhutan/RCDC0004-SV210020/2020|EPI_ISL_16984326|2020-12-21	99.950	29726	15	0	39	29764	1	29726	0.0	54811
MN908947.3	hCoV-19/Bhutan/RCDC0023-SV210161/2021|EPI_ISL_16984379|2021-05-05	99.836	29830	36	3	37	29866	1	29817	0.0	54802
MN908947.3	hCoV-19/Bhutan/RCDC0021-SV210159/2021|EPI_ISL_16984373|2021-04-23	99.836	29829	36	3	32	29860	1	29816	0.0	54800
MN908947.3	hCoV-19/Bhutan/RCDC0022-SV210160/2021|EPI_ISL_16984376|2021-04-28	99.832	29830	37	3	37	29866	1	29817	0.0	54798
MN908947.3	hCoV-19/Bhutan/RCDC0020-SV210158/2021|EPI_ISL_16984370|2021-04-20	99.836	29826	36	3	37	29862	1	29813	0.0	54794
MN908947.3	hCoV-19/Bhutan/RCDC0015-SV210153/2021|EPI_ISL_16984357|2021-04-16	99.836	29826	36	3	36	29861	1	29813	0.0	54794
MN908947.3	hCoV-19/Bhutan/RCDC0011-SV210027/2020|EPI_ISL_16984346|2020-12-29	99.939	29726	18	0	39	29764	1	29726	0.0	54794
MN908947.3	hCoV-19/Bhutan/RCDC0018-SV210156/2021|EPI_ISL_16984364|2021-04-21	99.832	29826	37	3	35	29860	1	29813	0.0	54789
MN908947.3	hCoV-19/Bhutan/RCDC0029-SV210167/2021|EPI_ISL_16984392|2021-04-27	99.836	29822	36	3	36	29857	1	29809	0.0	54787
MN908947.3	hCoV-19/Bhutan/RCDC0007-SV210145/2021|EPI_ISL_16984336|2021-04-12	99.832	29824	37	3	37	29860	1	29811	0.0	54785
MN908947.3	hCoV-19/Bhutan/RCDC0006-SV210144/2021|EPI_ISL_16984333|2021-03-31	99.839	29820	30	2	38	29857	1	29802	0.0	54785
MN908947.3	hCoV-19/Bhutan/RCDC0004-SV210142/2021|EPI_ISL_16984327|2021-03-31	99.832	29825	32	2	38	29862	1	29807	0.0	54785
MN908947.3	hCoV-19/Bhutan/RCDC0017-SV210155/2021|EPI_ISL_16984362|2021-05-03	99.839	29817	35	3	38	29854	1	29804	0.0	54783
MN908947.3	hCoV-19/Bhutan/RCDC0138/2021|EPI_ISL_17967068|2021-10-12	99.819	29834	41	3	18	29851	1	29821	0.0	54781
MN908947.3	hCoV-19/Bhutan/RCDC0028-SV210166/2021|EPI_ISL_16984390|2021-05-01	99.839	29816	35	3	39	29854	1	29803	0.0	54781
MN908947.3	hCoV-19/Bhutan/RCDC0001-SV210139/2021|EPI_ISL_16984320|2021-04-19	99.836	29819	36	3	39	29857	1	29806	0.0	54781
MN908947.3	hCoV-19/Bhutan/RCDC0148/2021|EPI_ISL_17967069|2021-12-08	99.816	29834	42	3	26	29859	1	29821	0.0	54776
MN908947.3	hCoV-19/Bhutan/RCDC0150/2021|EPI_ISL_17967071|2021-12-08	99.819	29827	42	2	33	29859	1	29815	0.0	54770
MN908947.3	hCoV-19/Bhutan/RCDC0149/2021|EPI_ISL_17967070|2021-12-08	99.816	29829	42	3	26	29854	1	29816	0.0	54767
MN908947.3	hCoV-19/Bhutan/RCDC0030-SV210168/2021|EPI_ISL_16984394|2021-05-04	99.822	29820	40	3	39	29858	1	29807	0.0	54761
MN908947.3	hCoV-19/Bhutan/RCDC0014-SV210152/2021|EPI_ISL_16984355|2021-04-26	99.789	29857	35	4	3	29859	1	29829	0.0	54761
MN908947.3	hCoV-19/Bhutan/RCDC0151/2021|EPI_ISL_17967072|2021-12-08	99.812	29826	43	3	26	29851	1	29813	0.0	54756
MN908947.3	hCoV-19/Bhutan/RCDC0003-SV210141/2021|EPI_ISL_16984325|2021-04-20	99.789	29823	50	3	39	29861	1	29810	0.0	54737
MN908947.3	hCoV-19/Bhutan/RCDC0002-SV210140/2021|EPI_ISL_16984322|2021-04-20	99.832	29798	37	3	39	29836	1	29785	0.0	54737
MN908947.3	hCoV-19/Bhutan/RCDC0002-SV210018/2020|EPI_ISL_16984321|2020-11-30	99.943	29676	17	0	38	29713	1	29676	0.0	54708
MN908947.3	hCoV-19/Bhutan/RCDC0001-SV210017/2020|EPI_ISL_16984319|2020-11-30	99.953	29666	14	0	38	29703	1	29666	0.0	54706
MN908947.3	hCoV-19/Bhutan/RCDC-4-0002/2022|EPI_ISL_16984397|2022-04-08	99.604	29826	88	4	22	29847	1	29796	0.0	54445
MN908947.3	hCoV-19/Bhutan/RCDC-4-0001/2022|EPI_ISL_16984396|2022-04-04	99.574	29829	100	3	18	29846	1	29802	0.0	54403
MN908947.3	hCoV-19/Bhutan/RCDC-4-0018/2022|EPI_ISL_16984412|2022-04-16	99.587	29816	96	3	32	29847	1	29789	0.0	54401
MN908947.3	hCoV-19/Bhutan/RCDC-4-0027/2022|EPI_ISL_16984421|2022-04-16	99.584	29816	97	3	32	29847	1	29789	0.0	54396
MN908947.3	hCoV-19/Bhutan/RCDC-4-0003/2022|EPI_ISL_16984398|2022-04-09	99.577	29817	99	3	25	29841	1	29790	0.0	54386
MN908947.3	hCoV-19/Bhutan/RCDC-4-0012/2022|EPI_ISL_16984407|2022-04-26	99.574	29817	100	3	31	29847	1	29790	0.0	54381
MN908947.3	hCoV-19/Bhutan/RCDC-4-0014/2022|EPI_ISL_16984409|2022-04-25	99.574	29815	100	3	32	29846	1	29788	0.0	54377
MN908947.3	hCoV-19/Bhutan/RCDC-4-0011/2022|EPI_ISL_16984406|2022-04-14	99.577	29810	99	3	32	29841	1	29783	0.0	54373
MN908947.3	hCoV-19/Bhutan/RCDC-4-0022/2022|EPI_ISL_16984416|2022-04-16	99.554	29812	106	3	32	29843	1	29785	0.0	54355
MN908947.3	hCoV-19/Bhutan/RCDC-4-0025/2022|EPI_ISL_16984419|2022-04-27	99.711	26955	60	2	18	26972	1	26937	0.0	49328
MN908947.3	hCoV-19/Bhutan/RCDC-4-0025/2022|EPI_ISL_16984419|2022-04-27	98.255	2693	38	1	27153	29845	27118	29801	0.0	4752
MN908947.3	hCoV-19/Bhutan/RCDC-4-0005/2022|EPI_ISL_16984400|2022-04-14	99.714	26947	59	2	11	26957	1	26929	0.0	49319
MN908947.3	hCoV-19/Bhutan/RCDC-4-0005/2022|EPI_ISL_16984400|2022-04-14	98.289	2689	37	1	27158	29846	27130	29809	0.0	4750
MN908947.3	hCoV-19/Bhutan/RCDC-4-0008/2022|EPI_ISL_16984403|2022-04-22	99.718	26943	58	2	32	26974	1	26925	0.0	49317
MN908947.3	hCoV-19/Bhutan/RCDC-4-0008/2022|EPI_ISL_16984403|2022-04-22	98.291	2691	37	1	27158	29848	27109	29790	0.0	4754
MN908947.3	hCoV-19/Bhutan/RCDC-4-0004/2022|EPI_ISL_16984399|2022-04-12	99.722	26939	57	2	26	26964	1	26921	0.0	49315
MN908947.3	hCoV-19/Bhutan/RCDC-4-0004/2022|EPI_ISL_16984399|2022-04-12	98.252	2689	38	1	27159	29847	27116	29795	0.0	4745
MN908947.3	hCoV-19/Bhutan/RCDC-4-0006/2022|EPI_ISL_16984401|2022-04-26	99.722	26936	57	2	32	26967	1	26918	0.0	49310
MN908947.3	hCoV-19/Bhutan/RCDC-4-0006/2022|EPI_ISL_16984401|2022-04-26	98.249	2684	38	1	27159	29842	27110	29784	0.0	4735
MN908947.3	hCoV-19/Bhutan/RCDC-4-0021/2022|EPI_ISL_16984415|2022-04-16	99.714	26941	59	2	27	26967	1	26923	0.0	49308
MN908947.3	hCoV-19/Bhutan/RCDC-4-0021/2022|EPI_ISL_16984415|2022-04-16	98.255	2694	38	1	27153	29846	27109	29793	0.0	4754
MN908947.3	hCoV-19/Bhutan/RCDC-4-0013/2022|EPI_ISL_16984408|2022-04-22	99.707	26943	61	2	32	26974	1	26925	0.0	49301
MN908947.3	hCoV-19/Bhutan/RCDC-4-0013/2022|EPI_ISL_16984408|2022-04-22	98.341	2833	38	1	27014	29846	26965	29788	0.0	5011
MN908947.3	hCoV-19/Bhutan/RCDC-4-0016/2022|EPI_ISL_16984411|2022-04-21	99.714	26936	59	2	32	26967	1	26918	0.0	49299
MN908947.3	hCoV-19/Bhutan/RCDC-4-0016/2022|EPI_ISL_16984411|2022-04-21	98.364	2812	37	1	27037	29848	26988	29790	0.0	4977
MN908947.3	hCoV-19/Bhutan/RCDC-4-0020/2022|EPI_ISL_16984414|2022-04-11	99.710	26938	60	2	27	26964	1	26920	0.0	49297
MN908947.3	hCoV-19/Bhutan/RCDC-4-0020/2022|EPI_ISL_16984414|2022-04-11	98.289	2689	37	1	27159	29847	27115	29794	0.0	4750
MN908947.3	hCoV-19/Bhutan/RCDC-4-0007/2022|EPI_ISL_16984402|2022-04-11	99.714	26933	59	2	32	26964	1	26915	0.0	49293
MN908947.3	hCoV-19/Bhutan/RCDC-4-0007/2022|EPI_ISL_16984402|2022-04-11	98.256	2695	38	1	27153	29847	27104	29789	0.0	4756
MN908947.3	hCoV-19/Bhutan/RCDC-4-0019/2022|EPI_ISL_16984413|2022-04-22	99.699	26933	63	2	32	26964	1	26915	0.0	49280
MN908947.3	hCoV-19/Bhutan/RCDC-4-0019/2022|EPI_ISL_16984413|2022-04-22	99.222	2571	11	1	27157	29727	27108	29669	0.0	4628
MN908947.3	hCoV-19/Bhutan/RCDC-4-0019/2022|EPI_ISL_16984413|2022-04-22	100.000	69	0	0	29777	29845	29719	29787	1.84e-28	128
MN908947.3	hCoV-19/Bhutan/RCDC0019-SV200575/2020|EPI_ISL_16984365|2020-09-09	99.960	22304	9	0	36	22339	1	22304	0.0	41138
MN908947.3	hCoV-19/Bhutan/RCDC0019-SV200575/2020|EPI_ISL_16984365|2020-09-09	99.945	7334	4	0	22524	29857	22489	29822	0.0	13522
MN908947.3	hCoV-19/Bhutan/RCDC0005-SV210143/2021|EPI_ISL_16984330|2021-03-31	99.839	22311	18	2	31	22341	1	22293	0.0	40985
MN908947.3	hCoV-19/Bhutan/RCDC0005-SV210143/2021|EPI_ISL_16984330|2021-03-31	99.836	7333	12	0	22524	29856	22476	29808	0.0	13476
MN908947.3	hCoV-19/Bhutan/RCDC0025-SV210163/2021|EPI_ISL_16984384|2021-04-30	99.917	21697	18	0	36	21732	1	21697	0.0	39968
MN908947.3	hCoV-19/Bhutan/RCDC0025-SV210163/2021|EPI_ISL_16984384|2021-04-30	99.645	7880	15	3	21975	29854	21940	29806	0.0	14384
MN908947.3	hCoV-19/Bhutan/RCDC0011-SV210149/2021|EPI_ISL_16984347|2021-04-16	99.793	18373	28	3	11489	29861	11442	29804	0.0	33717
MN908947.3	hCoV-19/Bhutan/RCDC0011-SV210149/2021|EPI_ISL_16984347|2021-04-16	99.833	11351	10	1	39	11389	1	11342	0.0	20847
